 5 2 0.0897900072411296
 5 3 0.0832729905865315
 6 2 0.0890658942795076
 6 3 0.0825488776249095
 7 2 0.0912382331643736
 7 3 0.0825488776249095
 8 2 0.0926864590876176
 8 3 0.0847212165097755
 9 2 0.0926864590876176
 9 3 0.0861694424330196
 10 2 0.0919623461259956
 10 3 0.0854453294713975
 11 2 0.0934105720492396
 11 3 0.0854453294713975
 12 2 0.0926864590876176
 12 3 0.0839971035481535
 13 2 0.0934105720492396
 13 3 0.0839971035481535
 14 2 0.0934105720492396
 14 3 0.0839971035481535
 15 2 0.0948587979724838
 15 3 0.0847212165097755
